W/D	Q2	xs1	e1	xs2	e2	xs3	e3	xs4	e4	xs1b	e1b	xs2b	e2b	xs3b	e3b	xs4b	e4b
1.725	1.550	753.558344	89.913255	886.312921	97.512170	804.985968	92.930748	769.321104	90.848781	772.756029	66.844343	600.536289	66.844343	772.756029	66.844343	772.756029	66.844343
1.775	1.550	2196.512562	223.746183	2287.868573	228.351740	2147.273077	221.224096	2121.616656	219.898490	2082.692859	118.642493	3323.565332	118.642493	2082.692881	118.642493	2082.692902	118.642493
1.825	1.550	1082.773867	189.270678	1165.921364	196.403438	1264.904731	204.570668	1209.451138	200.036211	1217.183068	164.296159	1327.752531	164.296159	1217.182913	164.296159	1217.183101	164.296159
1.875	1.550	1226.215284	153.402421	1090.042053	144.634027	1173.769315	150.086015	1110.682397	145.996954	1260.171030	152.449952	1073.189736	152.449952	1260.168574	152.449952	1260.158214	152.449952
1.925	1.550	1766.488253	172.716944	1680.139231	168.442704	1794.632676	174.087406	1751.137721	171.964864	1884.573558	116.017344	1728.525109	116.017344	1883.912886	116.017344	1884.577534	116.017344
1.975	1.550	1428.645856	195.327931	1348.025765	189.736618	1475.886450	198.531092	1438.611754	196.008028	1629.221910	120.112415	1509.538551	120.112415	1600.170882	120.112415	1629.221911	120.112415
2.025	1.550	1196.194136	163.912639	1117.264358	158.412548	1198.205235	164.050370	1196.057135	163.903252	1360.771087	106.471162	1218.523127	106.471162	1285.088683	106.471162	1360.777040	106.471162
2.075	1.550	1038.763653	161.514318	935.303234	153.260018	1085.189158	165.084150	1031.527143	160.950743	1411.881072	138.162998	1364.773565	138.162998	1322.209488	138.162998	1411.903687	138.162998
2.125	1.550	980.571697	194.726903	940.500341	190.706616	977.817959	194.453285	982.632665	194.931435	1210.944930	125.448581	1153.134688	125.448581	1210.944964	125.448581	1210.945280	125.448581
2.175	1.550	1075.094865	150.552715	1065.023519	149.845877	1070.424123	150.225322	1078.192809	150.769472	1087.467709	90.646994	1063.075486	90.646994	1087.467708	90.646994	1087.467722	90.646994
2.225	1.550	752.949187	169.226404	743.216432	168.129121	744.409907	168.264060	757.609827	169.749338	981.455573	119.217688	956.794543	119.217688	981.455573	119.217688	981.455573	119.217688
2.275	1.550	828.214716	137.145566	867.910678	140.393764	826.145418	136.974130	830.188681	137.308905	907.698966	85.393559	913.725138	85.393559	907.698966	85.393559	907.698966	85.393559
2.325	1.550	815.706024	150.147839	875.750628	155.575957	812.586655	149.860471	818.021856	150.360827	937.682340	84.189932	1006.808757	84.189932	937.682340	84.189932	937.682340	84.189932
2.375	1.550	612.807386	121.362899	654.630805	125.435991	608.512599	120.936873	616.052535	121.683816	761.865864	65.929810	821.563198	65.929810	761.865868	65.929810	761.865864	65.929810
2.425	1.550	528.442918	96.761148	573.655691	100.815573	520.353598	96.017689	531.307697	97.023073	593.490037	55.946470	647.079334	55.946470	593.490037	55.946470	593.490037	55.946470
2.475	1.550	511.911921	97.023046	551.108405	100.669010	504.852025	96.351689	514.306537	97.249708	545.756693	50.649698	595.609971	50.649698	545.756693	50.649698	545.756693	50.649698
2.525	1.550	453.399118	87.281509	466.186277	88.503746	426.313899	84.634349	426.929989	84.695482	494.597478	44.664196	495.894733	44.664196	494.597483	44.664196	485.936389	44.664196
2.575	1.550	446.454277	82.463106	486.951616	86.121999	434.205931	81.324064	439.507237	81.819009	510.404078	40.619944	464.409446	40.619944	494.469212	40.619944	494.469210	40.619944
2.625	1.550	420.402602	78.827228	449.115788	81.474690	389.672587	75.891560	421.040782	78.887036	445.410733	37.329704	435.060529	37.329704	391.868910	37.329704	445.410733	37.329704
2.675	1.550	441.140238	77.864006	470.410807	80.405740	409.526211	75.022108	442.300834	77.966365	466.394779	36.219835	505.524411	36.219835	413.280519	36.219835	466.394779	36.219835
2.725	1.550	321.800267	57.723216	353.504932	60.499956	274.616804	53.323773	322.610908	57.795875	366.620216	32.530213	319.117172	32.530213	315.655652	32.530213	366.620216	32.530213
2.775	1.550	300.948038	59.898003	319.591779	61.725467	182.280326	46.616158	178.329881	46.108250	197.585884	34.142883	227.850195	34.142883	197.585850	34.142883	197.585910	34.142883
2.825	1.550	186.030833	54.666208	206.870857	57.646925	90.469648	38.122198	86.466986	37.269335	229.207990	42.212773	266.712601	42.212773	147.310029	42.212773	147.310025	42.212773
2.875	1.550	137.168706	36.053594	135.990006	35.898354	129.723275	35.061460	137.257976	36.065324	113.964790	30.209302	115.763815	30.209302	113.964790	30.209302	113.964790	30.209302
2.925	1.550	0.000000	0.000000	1.071928	1.273501	0.000000	0.000000	0.000000	0.000000	1.517531	1.517531	1.517531	1.517531	1.517531	1.517531	1.517531	1.517531
1.725	1.700	731.105367	61.374652	620.515783	56.542561	1228.552320	79.560203	1230.771219	79.632018	635.701356	43.356821	1456.772637	43.356821	1457.544009	43.356821	1457.544009	43.356821
1.775	1.700	1741.051946	110.670908	1834.229023	113.593738	1785.719947	112.081590	1766.784397	111.485757	1725.064679	64.889507	2128.269335	64.889507	1771.679629	64.889507	1771.679623	64.889507
1.825	1.700	1094.955098	109.995903	1356.919882	122.449060	1329.151167	121.189653	1295.592637	119.649969	1020.359477	90.723193	1016.084991	90.723193	1020.358861	90.723193	1020.359095	90.723193
1.875	1.700	1039.811751	140.606991	1026.239786	139.686353	962.146771	135.254031	908.723438	131.445408	824.415264	119.325628	566.080753	119.325628	824.415156	119.325628	824.415916	119.325628
1.925	1.700	1395.088675	118.063726	1591.818179	126.113712	1404.152426	118.446629	1381.658742	117.494077	1439.577142	81.070639	1786.922258	81.070639	1439.615779	81.070639	1439.577136	81.070639
1.975	1.700	1135.456493	109.045577	1087.279600	106.707127	1151.242837	109.800996	1131.601191	108.860295	1170.448451	69.325223	1084.221974	69.325223	1170.448409	69.325223	1170.448838	69.325223
2.025	1.700	982.907199	113.685173	979.631819	113.495596	983.095413	113.696057	982.697229	113.673030	1084.138762	108.115237	1117.151015	108.115237	1084.138763	108.115237	1084.138763	108.115237
2.075	1.700	1100.029929	172.661404	1086.810356	171.620792	1093.174111	172.122516	1104.845032	173.038882	1364.619707	124.743177	1352.445755	124.743177	1364.624203	124.743177	1364.619712	124.743177
2.125	1.700	756.400036	95.523608	750.839498	95.171848	751.458443	95.211067	759.889959	95.743720	785.925250	61.075055	765.137837	61.075055	785.910596	61.075055	785.904286	61.075055
2.175	1.700	764.916634	92.796074	747.676592	91.744374	756.994356	92.314276	770.608394	93.140682	845.729004	63.963087	865.908960	63.963087	845.729005	63.963087	845.729004	63.963087
2.225	1.700	800.362265	103.579089	775.262486	101.942005	770.469546	101.626396	803.445601	103.778413	858.743206	58.714304	801.141392	58.714304	703.659617	58.714304	858.743207	58.714304
2.275	1.700	755.458679	101.143676	761.551339	101.550711	747.755152	100.626666	759.830572	101.435917	798.938687	54.552450	793.779905	54.552450	798.938466	54.552450	798.938467	54.552450
2.325	1.700	578.819617	86.167675	604.229715	88.038734	572.428490	85.690637	582.669406	86.453755	660.267162	52.072587	741.287887	52.072587	660.263314	52.072587	660.264525	52.072587
2.375	1.700	553.931369	71.519216	619.429432	75.629405	551.023821	71.331270	557.692830	71.761630	584.691330	40.225982	689.112814	40.225982	584.690476	40.225982	584.690639	40.225982
2.425	1.700	479.839911	63.600926	530.092545	66.848413	478.061083	63.482928	481.721532	63.725505	515.492751	33.839164	583.249387	33.839164	515.492752	33.839164	515.494683	33.839164
2.475	1.700	439.126451	66.194974	492.838191	70.126537	436.587756	66.003352	441.034849	66.338656	478.533683	35.288754	554.653354	35.288754	478.533694	35.288754	478.533704	35.288754
2.525	1.700	411.968691	60.282998	475.158655	64.741396	409.216979	60.081333	414.365312	60.458091	418.386792	31.079706	499.980333	31.079706	418.386792	31.079706	418.386797	31.079706
2.575	1.700	395.152408	65.188199	462.237466	70.504890	393.152222	65.023005	395.927498	65.252101	428.548581	32.578497	505.702795	32.578497	421.630352	32.578497	428.548618	32.578497
2.625	1.700	354.931790	52.313315	404.447406	55.843267	349.368040	51.901676	356.135024	52.401912	359.656771	25.974331	425.419059	25.974331	359.656773	25.974331	359.656771	25.974331
2.675	1.700	343.052476	47.304276	348.021193	47.645618	320.598649	45.729975	327.018238	46.185549	379.279985	25.877826	392.110511	25.877826	379.279984	25.877826	379.279985	25.877826
2.725	1.700	275.186730	42.717341	326.936456	46.560983	270.390973	42.343481	276.617404	42.828239	302.682453	24.911081	271.380943	24.911081	302.682455	24.911081	302.682454	24.911081
2.775	1.700	223.333683	36.387540	257.105599	39.041936	205.583982	34.911638	211.353115	35.398097	226.819132	25.315996	154.172718	25.315996	226.819132	25.315996	226.819132	25.315996
2.825	1.700	150.876153	29.109479	168.265419	30.741254	131.463751	27.172347	137.485765	27.787726	110.747142	25.132400	134.326479	25.132400	110.744701	25.132400	110.743852	25.132400
2.875	1.700	45.231955	16.132746	33.517504	13.887416	34.621440	14.114262	36.866629	14.564726	28.188922	13.670932	13.875605	13.670932	28.188807	13.670932	28.188807	13.670932
1.725	1.950	691.173641	46.270338	397.678953	35.097436	733.531576	47.667074	695.676500	46.420814	469.124174	31.277562	0.191158	31.277562	469.119391	31.277562	469.118513	31.277562
1.775	1.950	1508.324369	82.711147	1555.707651	84.000266	1498.910004	82.452618	1474.625303	81.781959	1465.311641	49.054502	1547.374036	49.054502	1465.311825	49.054502	1465.311512	49.054502
1.825	1.950	1020.376954	83.122080	1049.676504	84.307035	1107.106215	86.582620	1030.340005	83.526900	1104.293603	62.114992	1158.140246	62.114992	1104.294352	62.114992	1035.903689	62.114992
1.875	1.950	1003.211698	94.756788	970.960763	93.221240	991.204516	94.188021	959.480632	92.668502	899.365674	76.168955	728.196642	76.168955	899.365816	76.168955	899.365671	76.168955
1.925	1.950	1051.305210	75.263675	1014.121661	73.920695	1040.625883	74.880429	1020.207001	74.142147	981.842948	51.777523	886.662698	51.777523	981.842945	51.777523	981.842955	51.777523
1.975	1.950	1048.557886	79.104861	1012.010419	77.714035	1058.291223	79.471162	1045.670881	78.995886	1100.947708	51.229255	1086.914651	51.229255	1148.760754	51.229255	1148.760754	51.229255
2.025	1.950	829.489175	80.311050	883.181245	82.869527	837.697482	80.707436	827.233001	80.201754	869.372588	51.101774	987.672733	51.101774	869.372605	51.101774	869.368168	51.101774
2.075	1.950	869.401054	96.690867	846.084081	95.385451	860.912844	96.217699	872.948831	96.887950	978.851599	62.588267	882.705271	62.588267	978.851599	62.588267	978.851609	62.588267
2.125	1.950	803.769980	115.301783	793.647920	114.573472	774.479642	113.181420	784.975235	113.945745	945.322650	80.509604	969.704975	80.509604	945.322673	80.509604	945.322651	80.509604
2.175	1.950	731.586615	83.949642	721.005052	83.340313	725.150048	83.579527	735.787055	84.190297	764.449459	47.320681	765.170244	47.320681	764.449458	47.320681	764.454371	47.320681
2.225	1.950	678.783563	70.650864	681.009047	70.766588	678.381131	70.629917	680.029575	70.715679	718.408042	40.576167	775.107296	40.576167	718.408042	40.576167	718.408042	40.576167
2.275	1.950	576.619255	64.771259	594.326011	65.758233	574.124864	64.631010	581.352367	65.036549	623.809293	37.792777	637.188770	37.792777	623.809282	37.792777	623.809293	37.792777
2.325	1.950	578.276804	70.430272	618.750126	72.853284	576.310660	70.310439	583.453603	70.744820	649.688782	38.060252	692.850961	38.060252	649.688784	38.060252	649.688781	38.060252
2.375	1.950	518.428110	67.032678	544.819365	68.717692	517.503708	66.972888	519.888810	67.127045	564.079976	36.423600	619.309935	36.423600	564.078086	36.423600	564.079889	36.423600
2.425	1.950	416.603513	57.594073	477.545640	61.662875	412.796957	57.330347	419.119398	57.767718	450.396724	32.938574	530.412135	32.938574	450.396658	32.938574	450.396711	32.938574
2.475	1.950	374.035456	63.815041	434.047894	68.744110	369.037702	63.387269	375.719499	63.958539	391.626935	32.295110	478.517437	32.295110	391.626935	32.295110	391.624610	32.295110
2.525	1.950	305.373571	52.548700	356.390954	56.768784	301.058603	52.176119	306.633269	52.656973	339.674706	30.541958	403.398221	30.541958	319.634911	30.541958	339.674622	30.541958
2.575	1.950	303.110781	46.006982	354.578729	49.759888	290.800309	45.063040	305.148153	46.161342	344.531235	27.062699	422.030808	27.062699	319.426581	27.062699	344.531235	27.062699
2.625	1.950	322.854671	45.487246	362.064163	48.170247	325.151026	45.648727	322.721936	45.477895	336.642542	22.653835	292.601111	22.653835	268.854792	22.653835	336.642542	22.653835
2.675	1.950	249.082431	37.613251	287.731736	40.426226	235.315189	36.558999	250.431891	37.715002	269.618939	22.062756	326.807966	22.062756	251.109571	22.062756	269.618939	22.062756
2.725	1.950	157.404437	27.177301	192.867389	30.083422	151.041274	26.622305	157.724354	27.204905	144.795324	20.116033	196.271727	20.116033	144.795324	20.116033	144.795324	20.116033
2.775	1.950	99.923164	22.553473	123.925459	25.116586	83.369314	20.600770	87.912207	21.154606	82.460441	22.389539	130.177191	22.389539	82.460442	22.389539	82.460441	22.389539
2.825	1.950	69.133884	19.342068	56.931816	17.552337	56.782281	17.529270	61.382097	18.225451	49.109404	14.838002	20.076541	14.838002	49.109402	14.838002	49.109403	14.838002
1.725	2.250	425.471854	39.799972	325.847512	34.830086	444.973085	40.701856	684.799595	50.492758	890.484795	30.831807	890.484795	30.831807	386.258359	30.831807	890.484795	30.831807
1.775	2.250	1307.759432	84.806965	1391.311719	87.474167	1297.572037	84.475998	1278.219253	83.843668	1272.832918	50.970772	1429.974812	50.970772	1272.858222	50.970772	1272.858192	50.970772
1.825	2.250	1227.140255	91.718914	1182.414169	90.031942	1270.786990	93.335785	1259.680772	92.927029	1376.118838	63.321314	1299.411689	63.321314	1376.118844	63.321314	1376.118829	63.321314
1.875	2.250	1001.458044	97.460248	975.146888	96.171448	1004.514099	97.608840	991.902350	96.994162	1009.272155	69.831085	959.401776	69.831085	1009.272148	69.831085	1009.272154	69.831085
1.925	2.250	894.016969	75.970760	833.619487	73.359696	906.940280	76.517882	894.226645	75.979669	990.277511	52.922189	882.345963	52.922189	990.260763	52.922189	990.260761	52.922189
1.975	2.250	1010.147370	87.271947	952.240962	84.733613	1080.999360	90.280720	1067.232883	89.704018	1127.500824	58.708564	881.920719	58.708564	1127.500601	58.708564	1127.497074	58.708564
2.025	2.250	831.869000	87.801559	766.879669	84.302095	828.283284	87.612123	832.594554	87.839841	924.099819	52.647416	799.243312	52.647416	919.831069	52.647416	924.099819	52.647416
2.075	2.250	617.217531	71.030657	610.194668	70.625399	611.392910	70.694708	619.131023	71.140677	645.805682	54.273472	630.172812	54.273472	645.805831	54.273472	645.805681	54.273472
2.125	2.250	707.343314	113.268460	666.666181	109.963381	697.207373	112.453987	708.387383	113.352024	794.412736	75.608985	729.183335	75.608985	733.844435	75.608985	794.426616	75.608985
2.175	2.250	563.772942	76.203949	568.463192	76.520278	559.465828	75.912300	567.014084	76.422685	707.686874	48.469802	777.670860	48.469802	701.422497	48.469802	701.422498	48.469802
2.225	2.250	582.357296	117.139391	595.537755	118.457578	576.627406	116.561691	585.693936	117.474489	656.196968	60.082503	670.890381	60.082503	656.196698	60.082503	656.197059	60.082503
2.275	2.250	501.920822	60.918618	538.670313	63.109386	495.575903	60.532348	505.598406	61.141386	531.401273	33.480327	590.020891	33.480327	531.401273	33.480327	531.401273	33.480327
2.325	2.250	444.600570	94.870278	501.727858	100.781142	436.245325	93.974616	447.048946	95.131141	552.148407	67.193131	625.214178	67.193131	552.148407	67.193131	552.148407	67.193131
2.375	2.250	353.113447	51.496505	394.665292	54.442129	347.013405	51.049766	355.532165	51.672572	352.957826	29.813149	413.243815	29.813149	352.957826	29.813149	352.957826	29.813149
2.425	2.250	324.309282	55.946314	361.425224	59.061030	324.275593	55.943408	324.352304	55.950024	377.997328	36.013558	442.031707	36.013558	377.997327	36.013558	377.997368	36.013558
2.475	2.250	334.836917	53.043685	359.344635	54.950621	321.805258	52.001227	331.371490	52.768481	356.557478	29.855098	367.294532	29.855098	356.557477	29.855098	356.557479	29.855098
2.525	2.250	218.816794	49.367502	262.502238	54.071365	217.403059	49.207766	220.140651	49.516615	278.585849	28.136003	338.136248	28.136003	277.418412	28.136003	278.583384	28.136003
2.575	2.250	216.729850	48.650459	259.096905	53.193515	214.926325	48.447613	218.036623	48.796907	326.056207	42.240795	392.547440	42.240795	325.603436	42.240795	326.056207	42.240795
2.625	2.250	197.948555	37.339910	229.391918	40.196307	193.159441	36.885449	199.972130	37.530283	213.791630	22.720033	260.441676	22.720033	213.791630	22.720033	213.791630	22.720033
2.675	2.250	138.536485	33.238727	166.570944	36.447011	134.525460	32.754015	140.532819	33.477358	171.947574	23.350707	215.799674	23.350707	171.947578	23.350707	171.947579	23.350707
2.725	2.250	68.606207	20.114681	80.654795	21.809542	62.787970	19.242862	69.932597	20.308193	35.228006	22.532643	56.279892	22.532643	35.228006	22.532643	35.228006	22.532643
2.775	2.250	71.995811	19.534591	59.183607	17.711340	63.823822	18.392557	68.764284	19.091153	82.502037	12.567733	65.820366	12.567733	82.502038	12.567733	82.501461	12.567733
1.725	2.580	509.896090	53.668186	299.863404	41.156441	883.643036	70.650380	873.073579	70.226577	853.655321	37.654653	853.655321	37.654653	853.655321	37.654653	853.655321	37.654653
1.775	2.580	1034.056804	79.636918	1144.058659	83.765733	1035.898426	79.707802	1007.556025	78.609829	963.504969	50.535348	1294.678047	50.535348	963.504923	50.535348	963.503501	50.535348
1.825	2.580	1185.098550	89.108763	1103.482841	85.985649	1227.303986	90.681616	1214.032691	90.189997	1331.901371	56.644297	1238.498037	56.644297	1331.901407	56.644297	1331.901439	56.644297
1.875	2.580	973.239200	106.382274	884.996102	101.444884	1019.321967	108.871740	1007.638779	108.246013	1079.085549	73.452453	979.073790	73.452453	1079.085547	73.452453	1079.085559	73.452453
1.925	2.580	897.288849	95.474957	896.549418	95.435610	904.438278	95.854565	889.749211	95.072988	976.146897	63.236207	974.372173	63.236207	976.146890	63.236207	976.146887	63.236207
1.975	2.580	950.094225	84.498910	953.585805	84.654033	955.196271	84.725487	950.056260	84.497221	1099.339912	50.634948	1139.798630	50.634948	1099.339911	50.634948	1099.339908	50.634948
2.025	2.580	710.717580	92.597479	625.202134	86.848207	711.100275	92.622406	710.620828	92.591176	830.315485	54.148659	698.323552	54.148659	830.315572	54.148659	830.315485	54.148659
2.075	2.580	652.518547	84.755256	570.932114	79.279782	646.994755	84.395753	652.921607	84.781429	706.004048	47.866128	557.485745	47.866128	706.004048	47.866128	706.004127	47.866128
2.125	2.580	608.532287	77.589862	579.526893	75.718145	584.423727	76.037370	588.257721	76.286376	676.950050	62.295638	677.091981	62.295638	676.950042	62.295638	676.950098	62.295638
2.175	2.580	485.010066	78.595783	483.960245	78.510675	475.522070	77.823222	479.182567	78.122183	554.868147	47.935012	539.250197	47.935012	526.032073	47.935012	526.032078	47.935012
2.225	2.580	410.795688	80.284954	430.495390	82.187445	405.441523	79.760035	413.976386	80.595169	462.609361	47.150303	510.846619	47.150303	462.609383	47.150303	462.609372	47.150303
2.275	2.580	430.283246	91.433692	429.602043	91.361286	407.468696	88.976673	412.634999	89.538964	445.937206	48.247885	481.230197	48.247885	445.937198	48.247885	445.937202	48.247885
2.325	2.580	265.482259	44.644506	286.237423	46.356803	254.352669	43.698690	256.424113	43.876270	302.874845	28.750672	319.011330	28.750672	253.897701	28.750672	253.897682	28.750672
2.375	2.580	311.182964	50.960789	332.221537	52.655305	307.162366	50.630503	313.253445	51.130044	335.670923	29.260761	373.296742	29.260761	335.670413	29.260761	335.670718	29.260761
2.425	2.580	236.445879	45.656553	251.362992	47.074738	233.897250	45.409822	237.902383	45.796959	261.668616	25.834809	275.086726	25.834809	261.668602	25.834809	261.668616	25.834809
2.475	2.580	193.177585	37.215381	218.146643	39.547440	188.050917	36.718238	194.201706	37.313898	199.288000	21.423339	233.860294	21.423339	199.288001	21.423339	199.288000	21.423339
2.525	2.580	215.698192	39.231956	244.013978	41.727663	215.045570	39.172560	216.301037	39.286741	221.224402	20.707480	258.935630	20.707480	221.224397	20.707480	221.224399	20.707480
2.575	2.580	136.651882	30.838440	149.011130	32.202823	133.729163	30.506870	138.378964	31.032704	138.120576	19.208340	162.934285	19.208340	138.120576	19.208340	138.120576	19.208340
2.625	2.580	139.010684	31.913154	148.911062	33.030041	135.752414	31.536930	141.343228	32.179785	163.108154	24.526290	184.517765	24.526290	163.108154	24.526290	163.108154	24.526290
2.675	2.580	70.202924	22.708843	77.886614	23.919320	65.586334	21.949473	72.710647	23.110876	63.141278	21.669904	77.707375	21.669904	63.141278	21.669904	63.141277	21.669904
2.725	2.580	54.459190	20.051893	50.631620	19.334400	49.920657	19.198174	54.687708	20.093919	57.908905	14.387437	44.494673	14.387437	57.908905	14.387437	57.909447	14.387437
1.725	3.030	445.364902	43.887505	326.402513	37.571596	515.536758	47.218558	508.823181	46.910099	588.307289	26.564125	588.307289	26.564125	588.307289	26.564125	588.307289	26.564125
1.775	3.030	950.035037	79.421690	996.070366	81.323174	950.621372	79.446194	932.986918	78.705863	925.532814	49.994503	1070.902793	49.994503	925.535031	49.994503	925.535178	49.994503
1.825	3.030	840.020244	73.198582	782.119338	70.630829	861.473185	74.127384	850.687478	73.661882	962.600270	47.878296	948.636363	47.878296	962.600280	47.878296	962.600299	47.878296
1.875	3.030	621.146069	74.386149	569.804736	71.245630	689.423328	78.367897	658.980501	76.618120	695.291328	51.365022	587.353662	51.365022	695.291245	51.365022	695.291340	51.365022
1.925	3.030	697.280558	66.705964	600.230682	61.889928	700.148143	66.842988	696.850457	66.685388	775.626095	45.378788	600.874422	45.378788	775.626096	45.378788	775.626096	45.378788
1.975	3.030	647.298949	70.180298	614.680754	68.389206	647.694882	70.201758	647.344234	70.182753	760.822908	42.344578	714.402655	42.344578	760.822907	42.344578	760.822906	42.344578
2.025	3.030	592.043050	72.159411	549.978172	69.548707	589.621156	72.011667	592.561945	72.191026	735.402572	44.028283	675.236113	44.028283	732.815288	44.028283	735.403011	44.028283
2.075	3.030	442.518005	84.144747	410.675978	81.060856	439.792423	83.885212	444.375442	84.321158	589.874233	55.973951	536.950868	55.973951	589.874234	55.973951	589.874234	55.973951
2.125	3.030	401.856228	61.598655	375.326808	59.530656	372.026644	59.268359	403.911543	61.755979	464.469790	41.104083	432.613752	41.104083	415.001308	41.104083	464.469791	41.104083
2.175	3.030	387.537274	57.949632	365.505644	56.278302	369.244908	56.565444	389.827849	58.120638	429.542029	38.599418	418.899316	38.599418	395.878557	38.599418	429.542029	38.599418
2.225	3.030	338.347408	64.953592	339.905716	65.102997	313.878822	62.560866	341.784323	65.282656	438.254443	40.134380	437.443569	40.134380	409.415728	40.134380	438.254443	40.134380
2.275	3.030	304.507423	52.473822	305.698732	52.576367	274.631116	49.833183	307.545904	52.734973	365.860926	31.550820	389.047333	31.550820	331.363997	31.550820	365.860929	31.550820
2.325	3.030	259.269167	45.768828	286.530164	48.114893	248.000084	44.763112	261.519609	45.967034	269.800461	28.441905	319.000577	28.441905	269.800466	28.441905	284.487892	28.441905
2.375	3.030	245.024404	46.516245	253.195323	47.285482	242.822437	46.306759	246.883488	46.692379	316.505966	28.097237	331.453154	28.097237	316.505966	28.097237	316.505966	28.097237
2.425	3.030	201.596668	38.582638	216.247852	39.960061	185.997664	37.059878	191.375913	37.591865	190.257348	23.528632	210.553321	23.528632	190.257349	23.528632	190.257350	23.528632
2.475	3.030	174.492533	32.792475	185.265635	33.789612	171.214844	32.483026	176.200061	32.952533	182.099056	19.545526	203.157864	19.545526	182.099056	19.545526	182.098891	19.545526
2.525	3.030	169.167506	32.641935	177.644528	33.449785	166.224642	32.356767	171.208959	32.838300	167.044505	19.520669	181.684605	19.520669	167.044505	19.520669	167.044505	19.520669
2.575	3.030	95.550523	27.947552	106.922887	29.563958	86.886064	26.650312	92.790300	27.540925	92.493296	21.500533	102.671676	21.500533	92.493296	21.500533	92.493293	21.500533
2.625	3.030	82.010544	45.344930	11.068866	16.658867	78.378428	44.329432	85.892142	46.405623	131.856307	40.127630	78.608075	40.127630	131.856307	40.127630	131.856307	40.127630
2.675	3.030	123.778874	93.728418	131.101987	96.461200	111.957345	89.140347	118.169708	91.580098	224.591738	55.469495	275.913687	55.469495	224.591740	55.469495	224.591743	55.469495
1.725	4.200	239.422660	24.809172	145.058030	19.310812	316.008907	28.502261	312.015169	28.321581	322.588776	14.612853	322.588776	14.612853	322.588776	14.612853	322.588776	14.612853
1.775	4.200	408.237537	42.369558	448.902672	44.429719	422.438103	43.100173	412.260437	42.577808	459.461520	28.385054	598.802767	28.385054	459.460252	28.385054	459.460325	28.385054
1.825	4.200	416.064888	54.296950	421.251022	54.634301	435.187219	55.530677	427.537107	55.040429	541.702786	42.278987	598.304076	42.278987	541.702784	42.278987	541.702793	42.278987
1.875	4.200	320.103208	50.504081	302.005704	49.055650	324.263657	50.831228	318.793957	50.400692	434.548032	39.166706	407.505264	39.166706	434.548032	39.166706	434.548031	39.166706
1.925	4.200	286.994058	43.203811	259.224318	41.060428	290.596027	43.474084	285.668527	43.103923	404.195230	40.692450	356.539255	40.692450	404.195230	40.692450	404.195229	40.692450
1.975	4.200	322.010683	59.404367	294.771288	56.836303	321.735095	59.378942	322.017713	59.405016	445.778949	40.334837	411.558540	40.334837	445.778949	40.334837	445.778949	40.334837
2.025	4.200	297.364128	60.695879	266.148647	57.421833	294.374630	60.390011	296.278556	60.584988	406.688970	35.303046	364.794820	35.303046	406.688970	35.303046	406.684401	35.303046
2.075	4.200	235.250879	40.842075	218.359623	39.348514	214.194397	38.971419	214.964606	39.041424	278.281039	32.326269	286.935973	32.326269	278.281057	32.326269	278.281051	32.326269
2.125	4.200	217.420340	31.974987	201.274024	30.764804	212.754505	31.630035	213.348401	31.674152	262.579407	34.164359	262.248174	34.164359	262.579387	34.164359	262.579410	34.164359
2.175	4.200	167.656022	26.123987	169.619728	26.276533	166.257439	26.014796	169.168944	26.241593	219.686526	21.375001	258.537683	21.375001	219.686526	21.375001	219.686526	21.375001
2.225	4.200	166.562700	36.780738	164.439901	36.545606	165.141878	36.623527	168.109187	36.951092	249.993832	35.837019	266.595933	35.837019	249.998011	35.837019	249.993832	35.837019
2.275	4.200	123.831297	35.447966	124.800721	35.586450	118.761186	34.714697	125.651115	35.707487	177.648340	21.822062	183.164258	21.822062	172.327191	21.822062	177.648340	21.822062
2.325	4.200	131.659148	29.113311	132.732357	29.231728	131.961081	29.146675	134.236526	29.396893	173.956957	18.320554	175.009913	18.320554	173.956958	18.320554	173.956955	18.320554
2.375	4.200	129.370031	43.511174	126.352965	43.000814	128.102119	43.297430	129.642958	43.557047	185.429502	28.232041	183.814273	28.232041	185.429501	28.232041	185.429503	28.232041
2.425	4.200	64.480416	24.872284	54.581429	22.883593	52.912869	22.531101	65.006066	24.973459	103.217368	19.231695	89.099373	19.231695	87.271294	19.231695	103.217368	19.231695
2.475	4.200	91.472850	60.793714	85.124387	58.646158	85.726021	58.853040	90.933867	60.614342	229.824264	45.558265	211.274878	45.558265	229.823507	45.558265	229.824236	45.558265
2.525	4.200	0.000000	0.000000	0.000000	0.000000	1.022145	4.997619	2.164952	7.273291	50.454893	16.630123	50.454893	16.630123	50.454893	16.630123	50.454893	16.630123
